176
131 41
2 33
30 41
31 115
61 18
31 13
21 119
11 35
3 19
52 43
3 148
25 121
88 19
61 101
44 84
32 84
27 102
16 105
96 39
88 61
121 8
41 28
2 55
6 47
66 7
18 99
16 106
113 27
72 60
6 167
45 84
76 89
146 24
20 15
79 15
73 29
7 169
122 38
90 12
38 6
11 152
0 72
62 54
111 45
24 34
109 3
36 138
48 112
108 5
76 79
57 111
159 5
10 50
41 40
2 21
20 117
11 141
75 2
93 22
133 37
34 120
118 57
0 66
24 74
66 30
59 54
108 68
48 107
116 28
13 17
33 95
16 121
86 71
24 102
82 4
43 50
72 75
61 62
54 19
38 99
13 124
149 2
30 136
50 46
118 22
114 14
37 83
28 12
0 118
12 139
36 82
153 1
83 33
48 8
5 7
59 106
123 14
89 59
89 15
36 7
-1
