4000 1000000 4
316093 839144
203315 754340
298007 372460
239790 788674
758142 993425
607471 123146
372906 65812
81611 948183
469763 922840
634978 45330
868100 412154
267626 64413
465088 168956
449599 896116
354703 330084
226258 508388
288605 246914
989182 625499
606445 215339
60973 44283
183751 974558
632516 842405
905946 369072
453255 945338
675680 197738
328497 283702
600878 646060
981093 914859
357270 323283
600965 381305
220159 878181
989056 288341
598481 146515
455791 207092
224996 607229
8797 2279
629510 844248
479348 871431
439700 511013
309066 91710
114281 994628
974393 182849
186988 886446
295735 3539
639359 979534
202989 523999
264591 308032
701294 424772
226897 661189
622293 587234
42024 668579
816112 805693
62397 892597
333237 360332
81035 306811
646190 259971
490854 169378
348184 45814
461305 528977
160929 846749
756107 52081
480445 357521
573890 313548
420742 753055
368629 526758
251934 151287
435525 108926
270777 411092
245706 387720
171229 474605
224723 293018
840301 974343
450623 280161
43534 248952
935026 942596
248006 178862
198123 757218
3931 532056
892733 475457
92819 603508
758710 378595
323352 799910
608233 993805
355499 697442
312688 240263
456996 659461
687202 104844
272739 734121
388478 982334
308792 563208
763795 626200
546537 873230
561391 472548
651087 453856
873349 63097
769856 201778
976108 143622
20530 702272
933407 357362
193816 335933
971918 485829
102559 789199
837579 517560
161865 189991
917130 124756
355861 726921
837561 97662
612204 671074
763719 797724
108927 478963
415805 12203
136918 639015
915985 333438
910330 978425
685716 713645
3442 734300
165029 406392
399429 462245
837828 357351
731898 22815
581100 746401
52996 103038
514593 545798
655442 241906
713797 589390
888305 10683
836523 777969
811329 314883
453371 552727
887072 673826
278613 383583
612748 462102
326166 178868
60525 664578
327841 416322
454833 212753
412557 526656
562052 183049
196774 571937
713341 315812
76185 319776
528908 744195
87092 542339
950154 973267
388260 884797
393009 710896
26318 948807
483417 819873
518176 57772
268172 738560
212886 64081
273223 2778
814837 179055
933362 446957
428678 989727
64751 251070
718802 404437
681814 303413
123290 510969
982173 295685
443685 504572
752347 373363
711884 203719
569578 347603
107813 950903
167354 687129
794487 236220
26553 404538
209612 698122
666253 410444
466269 908272
552780 715494
548195 204882
31990 503132
414020 422540
2052 953705
690741 439042
189614 266463
113723 331743
665587 808100
94885 333000
819950 459497
160442 848397
920096 357838
355228 945614
800883 201577
732647 136102
160470 96228
159066 413532
718514 230307
595381 616853
32233 820269
142894 305690
340760 697733
154151 164271
896326 535337
48512 189363
677052 55529
849523 705323
713398 100822
252364 103766
62308 83430
12033 774769
997871 646878
843305 883030
669297 788499
34130 271499
72343 695648
766151 17777
20584 803546
662270 990072
194966 6937
958200 617710
294237 353140
703125 237343
561942 505839
129765 863903
880638 457734
770151 297761
330266 885146
126817 832838
243001 310360
14880 731847
177784 55151
996826 898004
182219 49454
672907 966426
712948 207306
661995 711373
892454 590533
504631 529810
610811 876120
226511 299719
844351 213419
317943 659942
998521 991679
957681 236944
278257 151035
122498 802306
196439 203562
729503 349487
253969 524148
610235 341591
101780 447796
64796 741123
623695 763894
27852 712844
401279 667376
546900 715273
210949 736600
824683 56786
446542 694035
553898 583801
102943 216744
210495 378005
532511 994047
347118 12687
400232 69888
405147 216270
647560 664812
452778 65959
944429 843137
961064 565685
61788 789493
948123 668289
682639 729839
926690 234900
154301 932093
874173 103205
796395 759337
817721 248695
857305 296828
948543 521056
313502 130499
636823 573504
743427 597162
277078 819372
541175 350274
593089 373975
406190 210630
86190 371053
518717 964467
679511 871550
727560 177795
978170 811288
868313 103976
649653 777602
106737 797072
381740 722094
564386 447568
652924 719437
873622 63234
101697 353958
789507 820914
175403 341657
234286 358817
41588 888041
261195 829830
472422 124351
373905 832908
719890 308279
683409 164336
342873 741421
34736 794377
201709 734759
152770 391258
271734 351478
630517 899373
346922 938379
547145 820844
686682 952132
862904 719780
852342 688882
76505 440043
878605 865384
372506 835870
109461 840263
922906 19691
609192 645202
182146 932695
66651 869974
316333 223346
893329 72732
320370 940096
265075 209327
971550 812715
41122 903936
309893 515087
66844 979235
346085 616515
768937 828266
336071 839456
947060 399531
604697 535652
79624 794857
370225 52870
851629 10664
177586 748428
44795 696575
231679 826995
809116 483526
740985 253897
954041 241047
770288 757759
612976 946489
479438 510291
273780 283990
607322 701336
544447 600233
211478 626502
6587 222474
542183 289415
316732 383402
962047 719738
601343 229119
765616 866907
932485 494372
85489 896961
633459 430448
745076 252788
641497 470226
448210 211708
22284 986971
108276 645805
533735 296678
223158 497178
304616 96557
450863 731047
932609 510857
848930 197358
646411 190109
597045 598831
977263 406975
610811 226348
573124 461461
818090 868939
767584 790633
51024 755137
207406 683530
890010 685606
986748 455524
540929 459404
542354 937836
274163 253717
664213 208271
1098 836284
536170 294265
618147 90501
528955 992875
619567 933831
717248 199661
307215 325700
273838 622875
51334 837059
197045 927700
50541 429736
273198 121866
899612 532645
460766 439743
45310 358559
351791 841771
668677 272853
677129 215573
895083 503637
202217 625436
523652 657194
785309 655105
854267 792508
153035 658084
488914 298951
79455 74889
337391 575291
844879 52379
955343 911505
470289 14527
394363 45173
682729 832169
589506 550860
36661 198352
66145 618292
797785 398886
434255 822801
801711 877881
921578 57010
707104 844321
16372 467758
957960 972826
262532 990660
50511 113724
690815 859610
992719 187683
491507 680035
520634 43764
296848 177555
408026 593898
382581 956889
814732 741119
886726 427478
524010 915231
288887 497541
460148 580942
270409 179962
484716 478487
369837 841290
753661 22834
599668 467882
97116 997828
397650 181338
425212 45275
776093 172541
34948 213894
849788 907482
689442 852475
554242 793140
327395 30362
5658 260275
647601 608712
1873 676687
183465 62256
962958 701493
625996 7457
1364 906124
331677 70299
3745 352679
420199 362568
698807 532797
581153 386594
673511 516079
847005 442190
878263 616709
595406 64691
19824 716186
937760 725644
716137 748335
701625 918903
420840 845321
506186 254477
755364 471530
942679 616257
309964 650745
519314 935817
803213 480293
275389 865184
948937 449133
900251 574924
178877 763523
79935 565331
98099 692922
429223 114358
577105 763707
636346 72092
314142 918191
954921 629723
533197 419343
378990 127149
196893 288287
842040 387850
293165 304423
286211 830591
571861 694476
922079 873579
333066 195658
277036 785026
876797 494769
577041 538306
329830 318392
365737 150191
766452 825964
843834 533328
946452 235558
178598 463801
599934 84870
472880 894616
762758 547798
604545 36577
444060 988896
933512 312511
38389 479891
637865 401833
360520 784125
800198 385420
769575 42694
239010 996512
793354 817702
112236 475920
758176 464248
40997 80732
529978 479614
932083 457311
678695 900133
360931 55430
170643 733410
824024 458364
263027 237497
984874 258511
456367 210300
230477 270931
378035 718698
331297 631681
837796 118629
689552 654495
472247 171121
178413 663280
560635 350772
924377 403244
153022 741542
48246 603215
292234 577192
843117 167159
837724 558903
563588 972382
890285 666285
646224 658097
435976 380996
924099 440385
911205 275342
622679 920482
786368 636058
7909 725357
385164 922104
910107 780714
329241 827339
867686 612027
769588 722087
883146 787619
950630 36263
489067 581343
155164 506800
727447 146659
615108 30873
430020 456498
784270 900329
304594 971358
174017 745247
313488 801707
583192 626360
168786 994792
856231 313831
992384 227884
80165 386871
950542 333783
177000 309635
628404 563896
69687 193473
999371 178631
583911 896649
122433 197123
411395 490716
428656 958647
175649 646410
871380 844450
647848 438211
575861 542032
965750 104301
61104 489442
525 675918
525626 91654
291864 325415
34643 238836
881495 795136
793652 324119
313551 840728
189047 628677
356293 553901
274050 445233
210086 487109
507572 846764
867816 151046
791965 867440
49653 809326
19970 680317
470273 196803
309742 257221
10508 108044
231644 395323
529849 132651
819834 351218
804473 875305
342657 849834
530103 332931
361592 515825
235127 221339
518804 528961
307682 760593
605252 41653
765491 748126
431908 590398
993459 766155
991020 518088
163067 403725
592645 998932
95989 607265
548903 984467
988678 710845
544221 874752
267676 426212
964901 100860
868634 242422
357243 786233
608447 171601
802496 56170
471966 197327
982753 838982
976628 224702
563666 565028
516924 386149
468322 598953
765511 858208
128866 715991
819122 975736
388198 523129
24150 819895
54838 902902
720822 242210
480779 605965
305996 419798
985996 914812
764740 434292
274470 694804
619512 253330
861347 187533
488133 295854
48935 187842
497929 579399
325108 831994
846877 518299
159707 156773
648617 918402
394622 433315
938001 90759
560074 313942
549426 596110
35519 2551
172244 915678
147328 149898
884881 174942
646782 67031
638893 206691
325481 971144
331830 317396
914565 309593
202822 975177
567829 396597
905973 833260
523565 806441
508819 714801
940828 533771
626172 309064
792401 357385
294876 265729
395995 914728
650673 22936
241700 507064
845993 852957
458012 965763
106024 773221
480863 586609
444554 144645
997652 334265
592766 871995
441491 802506
245504 961931
523141 722310
950357 679601
603100 584573
130571 476911
641220 800655
181932 537494
264758 465348
484753 66969
494357 979547
593945 335546
937897 372189
25256 417714
256114 48802
398310 516502
153504 326701
693376 563103
730987 211006
212166 798873
746776 944257
317616 746139
185895 571966
767474 694095
170676 744943
327515 953391
234504 17434
886757 44272
183405 955291
587007 449297
592301 945856
827632 770691
498150 713686
688346 882583
181137 841420
86522 581293
2141 446432
295865 535062
424400 900503
917016 167258
318269 33038
268830 157339
827594 670567
287493 355719
664401 888007
864525 835205
767584 112004
497598 359593
840340 99624
564403 185853
956956 932074
809853 234301
825636 938695
473524 346516
408557 501658
385359 977645
264084 412181
449039 28983
991439 79243
744468 362844
540000 660829
987056 111505
123209 237950
348243 819790
564988 634601
818579 889150
929424 119279
59383 790007
785157 919171
44367 63783
44425 859303
252395 81823
71257 264857
310087 365246
477676 349678
501069 387310
776002 86778
575400 740439
31748 44830
920593 483161
988877 81085
755167 419554
256274 191187
858549 694697
914169 677952
29659 341313
454417 974719
557916 476389
588491 774542
217210 240458
218069 659162
738890 600284
180351 786010
65491 886554
676557 247670
337659 226833
139608 215016
985567 767252
381159 879408
560864 519299
437656 143179
539012 511477
498770 190787
781943 88663
230604 202313
987583 832021
131359 547510
306117 487204
194047 615194
11822 807293
327105 477302
110643 609243
277327 284303
975032 67999
6195 600062
468867 103441
374684 547984
442394 492534
634553 882802
633389 381931
153564 785854
250446 43835
637182 364300
17242 333221
868299 305911
60313 952577
756508 551085
436284 392575
644224 912055
679666 744878
755707 654229
660296 552516
334747 879644
993098 936918
815376 129134
186513 499960
319323 861634
172541 124405
343559 856898
619458 351773
166092 800076
569363 241353
103420 928526
529080 747874
183261 179524
559602 67210
648226 268654
967098 920169
728719 354522
433828 330503
31686 607479
824534 31923
281418 217161
731585 275166
434670 388579
522841 564139
466442 419287
310521 933208
951963 229223
781674 433995
165494 697787
269888 11999
509358 114017
414339 828655
289873 974808
383894 769052
224039 55405
640845 422132
928457 983208
846130 56945
163464 990295
66072 539532
994733 516148
485706 435664
961112 292970
620724 53922
274684 112255
154946 118774
707651 586983
911470 961060
704088 930435
101614 119048
460127 635602
244330 298482
78426 43667
253638 724360
652233 386022
836506 427169
282879 2655
234213 429108
533230 983016
527960 937772
634175 41814
426430 390203
597350 653400
852390 190711
248190 447782
521500 965533
595066 868100
877375 355009
778844 73247
866835 612766
180230 773560
427353 320999
215719 661877
640968 202470
169849 568592
999098 367055
811824 834724
88410 925880
700794 215278
289396 154423
362875 655790
575084 286541
302245 858886
789631 935130
104144 543872
947665 227340
903283 275222
441649 973756
32494 412531
161106 610857
491512 786163
4956 78483
866271 41517
35294 697943
10885 155199
628356 293074
219239 361960
633039 828139
952429 549111
746875 12882
661590 479499
701525 417103
409957 778345
900315 479327
385405 239924
632385 904543
762501 902594
887520 471005
663101 121303
455280 963171
286315 344389
670240 358934
241530 567040
704786 384745
617407 103320
876199 271265
887983 852724
150934 730943
350096 396729
56755 714607
533212 959413
244916 516938
606429 850446
905929 130805
109402 794597
281430 716742
461808 280985
818994 155058
576270 221890
654948 635163
803237 706506
821525 520604
672060 726480
207978 505432
700361 956270
196978 901675
964659 78356
185321 31694
978974 460806
681784 35969
400998 915388
408375 267532
336954 615474
924612 247988
892059 993372
749267 219186
94734 891852
217912 832442
995836 998035
324489 294388
389700 797842
842483 372336
467723 599116
164734 282285
538114 612603
147762 117511
868915 435616
642201 402077
825932 389930
839555 389835
758393 186457
753166 126913
894534 378112
913057 635345
322578 368402
832072 415438
780502 460748
520113 121341
681293 607418
354995 324041
958376 385758
219672 280301
744817 109303
614435 377157
255307 957113
480951 707654
598817 298535
193380 540026
663865 953254
293828 693721
460796 972673
511007 612543
666420 157733
192518 939441
560066 426650
37093 555557
234763 550015
178028 14971
239215 931204
147483 244271
217660 213303
185867 563154
888428 807505
387906 95601
400883 681118
280499 23271
46747 134325
954530 737092
24433 790726
477292 585226
21648 793417
326163 242339
813768 323662
950034 766295
314144 372012
397096 193445
177346 950876
763082 235327
300177 84420
47480 551639
629410 800746
892128 922354
345584 871778
362186 671989
374914 68919
948095 332518
621442 805699
117020 494149
77339 854429
536204 996359
547538 473843
517392 357713
306915 961026
162911 841915
630057 101133
606324 861055
604689 402344
720286 947408
837212 976541
5165 953870
310844 285600
642360 355717
815167 611814
709183 952367
184161 425628
998011 398898
532984 962687
595706 507518
1731 663393
452499 466452
914734 467416
598277 917275
783533 736667
472736 720825
54623 385882
451712 118185
177299 246474
712626 868164
625361 817005
578969 784419
725271 614363
345444 814110
19296 699731
50285 654678
881831 183890
21586 59962
124214 595377
526936 563391
843779 721954
764216 624898
536665 509294
955611 193025
916764 876639
833192 668707
719199 677428
983081 336258
489240 950474
744295 754738
8124 370068
143438 514980
659698 72268
546085 152889
225212 914630
902204 935259
238463 894206
443288 110179
810508 38925
190452 337200
57931 159013
491892 433215
135666 407737
184845 755985
699298 855547
993097 187380
690461 537926
839332 329234
490218 747688
49272 720898
33942 226914
437473 47172
82542 557712
341523 864624
229590 448844
350625 816048
801589 254981
389713 729816
960306 577368
598533 256241
144977 792733
365930 319755
927346 225103
295831 929899
825204 827679
754901 269346
134207 185587
599636 439212
524539 156119
253788 313698
945530 233120
667482 961117
341327 718217
983384 894923
247529 245325
31919 201124
763425 475586
807183 747005
923276 269106
902891 811290
392210 850441
970470 450824
766606 828612
51780 242404
652213 944565
967044 439630
58327 182236
815988 369136
728940 198040
70086 497559
975806 517685
64329 557902
547374 644953
825752 286065
579036 6676
480520 87016
381995 640544
116662 989698
157500 121218
438911 804384
571718 594154
568128 197228
808558 940597
969446 826372
516929 644860
707571 140059
364986 337677
220529 542960
880503 69364
921610 116270
619954 248314
963573 677889
689794 216954
464752 773631
771873 237178
929204 587953
647421 583830
524320 772625
368799 49984
170375 922900
811555 828828
176091 802837
246406 967088
242791 776814
17110 568834
757957 675673
277183 216839
91735 675887
232828 653522
596445 438542
60278 218200
153906 514508
407556 367226
639831 991604
454252 332721
745869 970234
292422 122305
337368 66532
40490 874204
438152 388617
97737 714068
137357 32825
974291 419073
239222 452892
120350 16319
445737 368924
467987 671529
634790 951809
589993 394999
476665 774507
731508 208413
850318 739377
926719 615443
165861 644678
127183 548973
177747 970213
28651 266075
449477 958006
375071 669260
644344 397842
931019 758713
704861 730873
959857 599641
149536 547331
640536 558540
699255 908206
562103 441720
801857 112915
421187 61084
738716 491353
134652 316895
626791 816707
38522 128615
390638 475604
117491 975149
849890 331198
576137 146074
391973 717907
825576 247604
447502 110118
618206 688091
607780 126802
775832 656855
102653 426394
38373 754435
946743 567581
157084 348751
582403 964615
851218 692649
168427 608763
847871 377992
389021 418408
654141 447258
202570 303352
891441 91240
377278 222555
856102 53220
159474 102030
941589 374447
453112 79713
856410 487441
274769 560176
972597 712185
566724 631538
644335 694578
347840 480050
589333 199201
236718 405819
836841 886481
471544 166488
997989 534976
776543 690357
459647 534856
902901 4537
317839 877203
908296 706659
873399 745263
753638 764175
628401 18554
277993 15912
441518 372784
457549 646238
767717 461341
966843 579010
516404 154680
404025 984639
356731 759209
84032 835751
150868 740422
382686 175049
463368 493048
293861 806906
548529 288229
853902 171290
918615 671119
445456 835306
686475 433270
25686 892935
285310 63552
745868 688680
995361 117671
300343 859998
190924 609648
256526 738690
994929 531584
279616 439252
981279 671027
157156 870433
537307 446748
223813 63248
53010 329939
488569 434459
813731 56372
487293 43538
60243 129712
845127 371446
125077 105431
469437 939074
849113 619073
579523 885498
36365 886774
994837 798161
374268 115065
85674 705906
241316 981659
431080 835790
375746 733828
946099 968895
989126 909754
359922 299143
126258 975152
31253 666968
814198 514464
29540 709593
550735 337961
572311 136993
459224 826184
981258 122455
136131 59997
967731 261159
893672 226509
176003 159443
955752 7614
243031 302518
177681 141497
473742 601932
890804 884773
57349 835160
746923 653179
679802 349428
782014 838932
354393 955690
238868 285239
729024 487900
758065 762196
140971 676572
565417 262648
404844 519486
931532 820541
713162 866884
737954 994881
795253 986151
323155 217236
724585 784032
421832 82049
648494 99455
153366 705742
429526 258534
302227 118628
302997 136630
621083 867507
327333 961034
120932 141446
213129 924557
909610 396702
266475 895052
543323 825922
797081 830910
659638 508257
646630 184570
200982 87593
386552 809481
237219 368325
794170 158345
680327 444494
132300 50781
907896 346734
533910 478796
87793 188478
190117 437343
632931 936093
437301 52239
23999 456142
252747 367897
538403 731408
586625 775955
853441 669324
377584 658370
547030 123844
801106 924261
251652 409303
370308 355622
510815 978075
267219 58589
716172 792971
504807 346034
892211 639960
582854 389104
225456 154516
68218 191262
888385 974662
558494 195699
923858 34980
33551 717303
108028 839545
672457 427821
598394 299007
605566 18888
516294 37484
262097 655127
200655 73651
833433 346020
416442 738953
181272 257778
422449 217254
426743 257043
684630 818440
647297 481733
446709 143240
470445 870231
842883 419183
649262 81394
109694 589927
814811 707161
352451 81719
966243 469044
646965 500704
263138 899893
371894 8655
782601 694775
181732 697523
802547 828511
637385 669945
159695 2708
569716 678256
446723 698480
957564 345491
282795 244712
147521 345166
411418 916625
164365 867120
16254 426128
655191 574107
315211 370690
86918 167525
742678 972866
284684 152205
615806 334984
622432 892064
357581 123595
37242 187958
76009 36337
325075 63794
760142 848033
602070 396822
734877 555717
925179 292333
818808 983844
935026 347146
866301 779787
922792 743400
42075 960310
210187 608419
630089 669364
185154 788831
389407 137395
551568 766994
913496 481001
539479 744695
256323 629391
655792 134591
282084 35052
393411 149856
829123 587723
664542 415224
336447 650093
140283 381908
29204 986068
977956 129798
24740 502956
209782 118780
734217 413752
541153 732316
834792 821893
314296 56689
652951 181957
693921 788521
833296 431133
911612 185631
251381 807552
495127 24460
827708 527783
351677 695814
968029 525823
49209 476135
214144 172052
89761 332442
161904 298724
30200 701517
793747 61717
959619 202635
841206 728758
373403 938773
260640 292110
186011 673247
625859 381277
426999 407312
324026 130328
829644 926458
683893 829114
55629 174423
55469 78067
167114 463488
652057 164001
625728 34813
390895 88903
550118 880209
567021 980852
660721 940451
233974 492053
914936 612979
89408 872989
814201 839659
116323 357759
168040 316622
53622 707751
278978 844293
964315 727088
936792 186448
467688 110585
247618 119653
564535 30121
743730 547632
320232 123569
945173 254549
772049 894761
696521 85840
261154 914713
301815 974054
83263 725944
824174 724156
447581 373449
165211 295554
394012 321361
303698 817360
927777 336217
268458 266077
339521 567978
990547 756342
810803 290368
492507 860170
275475 237025
145445 581963
151036 578318
23147 848938
249846 978629
485150 993635
735560 679106
380666 655615
900192 195581
286813 119651
391593 995145
103426 524830
425992 830873
95192 313997
243004 630868
440116 251971
313020 923507
103617 157081
752195 941908
372529 66558
283538 433537
758549 30142
222321 393493
305185 498892
217143 647291
977921 949776
2181 915828
207924 879681
24803 692643
352369 10243
927182 525374
922291 619680
663469 466741
969206 363789
522061 335079
874242 954189
804474 208301
2706 350634
30071 278564
48052 330649
472913 908656
276707 124729
829337 968997
559371 704253
824650 699992
542443 795972
508886 990514
170442 808290
84261 718815
516024 651293
769420 323937
983033 106717
329528 590631
309748 478691
388309 380594
950453 819064
482560 812387
500619 993444
897513 873351
413873 996779
675031 76326
363060 86556
965985 86467
16717 77482
822022 592070
577055 536604
312406 21821
882321 514200
50354 473004
231161 216262
868136 621025
140550 738969
537395 444667
551327 581301
251867 136675
450353 515461
21570 958043
292764 109049
780891 399649
518573 353528
561680 353441
131104 139327
904864 717781
857380 185350
327155 858141
197120 573008
370860 323699
10217 730188
469563 399807
190564 335344
355122 399845
801973 480993
937251 53734
73618 771046
991057 218593
612925 832172
218276 964295
97492 924
675581 281379
633196 761423
618083 548278
732231 619228
395071 480396
921346 870081
184330 547412
652803 212090
971922 172375
829257 717690
225075 558742
328610 360209
521390 996660
455471 334855
460929 95981
413935 391589
714659 594051
577861 969533
304329 897175
324269 6824
330075 158958
72723 512586
952302 472386
438401 975448
666370 165027
163989 994407
814667 126552
431997 614085
210881 166829
997526 116714
984072 263724
215433 251120
22245 723758
190440 439095
290895 316159
888496 584335
67487 310331
453309 429526
239193 789422
870980 410478
654628 819156
463526 818785
572066 896444
537327 858223
522293 742142
295909 557972
902523 287352
947480 225074
441017 900415
228592 184839
977342 867531
549870 821263
296773 636982
580549 382903
910939 234144
422740 323968
716606 463764
146404 907328
388945 760944
917481 395932
762006 25211
431790 440615
380153 910505
300275 168062
137010 939953
54936 792979
729788 698618
918119 242244
67436 939072
730956 422108
268197 376253
100567 263027
199476 990830
349212 319740
673937 548930
740024 236664
606097 118548
432483 467427
708675 12276
499471 448138
188230 472286
331962 970278
968276 38763
411000 99179
816655 538910
678292 194839
169736 409357
285651 466380
173322 287116
607991 672815
527099 89377
468363 408336
697779 464478
788120 689128
590010 370290
621572 551465
685576 388672
869969 914280
389742 639900
385953 354527
226507 614833
519233 889239
505970 761270
446831 688687
317286 956730
664192 589265
789062 17436
884657 362256
174248 390347
855613 49207
547869 732759
982408 128465
98285 285427
983287 193696
855505 739307
246463 43805
975325 695675
572564 903278
278711 466558
927601 899681
501835 896224
444065 276987
889612 193184
437847 843332
178941 152876
196263 904945
872654 580219
910514 173397
755915 675760
548262 306360
434279 683352
345297 701507
136288 561760
862961 51659
453700 205195
485184 44037
740190 481995
485 135972
749189 81853
269069 57818
24478 2997
234055 959702
662093 781972
891896 220394
562260 292307
212921 123513
256952 385473
952502 242060
578705 839714
597081 566335
34796 141861
908962 154657
543395 673572
724279 513829
275976 995105
294209 802141
222359 990456
670000 75974
45050 851512
590768 669606
495455 222868
726316 900745
677613 662563
106860 721876
252430 951842
852144 89915
948063 375090
367422 328857
315903 83445
388576 445175
610512 734938
182977 996090
466390 189607
232341 375042
860054 623903
507281 770171
980382 682128
644695 289843
295502 881183
40402 599577
99858 292581
691959 627151
697517 290872
872858 922097
404471 542506
976972 172275
16756 928791
479996 91134
266086 36437
841672 671018
872514 212510
871474 821184
945832 714369
157045 649759
721347 19697
540262 178615
185082 903755
606994 879276
220742 273630
385629 53966
349487 371789
149892 795088
91373 953702
259777 120725
771445 167349
323323 99520
321981 751404
21577 513255
910703 659201
381794 309524
548117 613945
293767 140267
362946 583129
686210 700898
229692 556266
41869 646773
973868 278600
107188 466024
474131 152887
335613 572492
259854 929945
95425 18018
625257 359136
960556 706759
555402 482570
847960 215612
955245 172726
519090 43984
597383 348591
388010 780642
559550 724163
448145 578570
992913 862246
992230 506803
767327 246039
247296 74639
372126 541555
484812 779923
957830 670128
113555 794834
413611 161336
90864 227551
828051 854277
309448 928548
928197 123602
379982 674236
879838 429359
268784 978194
620196 709394
108420 88200
170729 443956
378168 752875
539186 676758
357360 528306
706421 45810
238291 728671
144041 736580
268454 752486
785264 509861
480262 796354
708570 438882
23886 451296
960139 669717
78607 626224
653193 387861
515097 304482
503786 67230
808499 188235
813750 750517
260510 509761
577077 4509
285603 6304
235895 227401
346261 789721
65228 136884
89098 241640
730368 626980
495406 309984
724183 414779
226613 787242
746117 805979
728143 796184
608699 895620
30240 24893
290358 740129
251689 377886
929896 469320
936729 156844
840041 664066
73718 137888
340111 498290
577875 583282
823382 340856
980817 711660
764849 544136
261642 721252
964667 79341
376241 592995
547923 397234
453709 605806
168032 299726
188675 441292
775438 787753
192813 57525
157941 625032
237923 453701
987010 78013
63424 995356
967255 935075
525304 647892
583083 301698
570898 588643
843057 891895
123305 719387
102603 67608
671210 48489
282623 817742
946496 805802
320583 223958
263028 866770
756718 376664
159385 813358
757902 354707
853264 731011
113248 119045
618822 366472
422964 489872
327990 418250
976075 333123
384451 747641
54365 704197
921027 259227
35777 520468
242257 336505
51412 324807
705125 979509
180490 676554
723057 723751
733627 272658
585312 452644
659949 71522
737918 877914
831645 54521
241274 882143
853646 547643
887847 746261
818911 973735
203913 399569
125873 955441
430920 967641
982678 733265
708503 595189
157468 211931
101989 787029
533106 313786
195759 571162
874715 356957
252994 696441
754455 582498
620871 870278
221917 927722
835298 452136
172044 617804
622857 77943
462268 19737
87706 576844
25292 239339
575168 784900
939930 377763
626960 478595
51962 78888
470107 538467
561254 254583
759381 656758
617458 64850
768033 448579
747198 83450
972061 536139
411067 585187
9266 227737
311919 477918
285719 438832
170264 122219
154422 69753
7704 493406
864749 16600
927230 621980
123428 711962
490604 968211
369050 838915
655263 450929
914353 222844
524949 611958
642338 434229
499428 988859
155091 595301
670710 785331
675379 242696
567866 61001
257392 655110
963145 263974
34838 73885
744132 867571
841256 502845
605032 102132
246802 700718
5230 702787
750652 695476
272103 871177
686557 675711
763041 140033
769049 246694
428381 994537
983360 338483
876882 213210
98117 9218
819012 516405
601734 503227
439798 351276
968997 44904
384758 809149
414880 708201
436880 871665
867688 313872
264727 776060
842072 314979
231722 593285
290644 791178
479442 465908
361200 939059
417122 643861
267499 803488
987388 954471
816407 183098
178075 355430
670265 222935
350868 378223
557319 887173
12181 327615
792253 310357
339500 695419
401854 394936
844823 484405
193010 766428
959969 967398
394070 423142
496585 446097
355704 964916
560069 991925
982083 347587
826718 167199
402084 810407
261278 351085
655209 131953
672878 824150
813409 715814
344584 660047
279896 855670
578337 836831
584705 232841
118965 691761
908965 370831
802759 412547
791268 214196
348629 476922
377958 700445
667397 239990
138371 336917
871568 768314
187657 246846
537643 885242
24282 479945
780080 381988
881617 492983
839904 154482
261296 25374
811420 772777
428975 350157
134782 823940
819716 163571
728959 847089
259769 967795
695291 400425
258517 719036
722888 703096
275209 683805
516220 905684
130446 632802
591946 194052
218869 285682
388686 940668
915277 484807
798147 185023
180518 115233
911535 537672
866383 24423
787769 368309
743447 480331
815110 15958
12666 565978
119616 326890
111532 850270
216115 546793
316037 966134
601369 27353
893292 856321
57665 137325
756744 48017
548661 193989
634461 107179
957880 331879
111580 125988
590359 836542
830715 246799
646607 876413
804078 778890
755543 759859
612628 895602
137983 789215
434661 558184
340738 696046
162179 577052
630003 258513
700845 333288
55775 394224
582662 111148
942172 37079
682848 749597
390732 941353
346687 589766
308384 544444
491089 220939
350919 470100
789444 35944
680882 450302
361844 747838
101770 538157
936035 506971
895741 692633
312493 286104
165389 669264
989045 833285
676345 996142
387123 254377
959663 124847
535453 841627
510945 310288
723553 629494
43119 85552
286046 747635
87803 589740
870745 303452
545236 914081
598422 701879
491734 107346
438869 410446
475757 336537
522075 345590
648274 126500
5452 315451
881011 327468
923633 880980
611801 287257
94589 995083
413066 59018
239845 663522
169324 32623
969434 970567
66854 124532
82504 471817
587288 435115
265812 818008
215051 291164
422539 453407
615623 219982
971519 228263
250092 581721
965492 552924
65138 263510
125986 65508
148341 955524
771771 825894
808436 142765
541662 369315
977892 344178
829763 450888
276538 533427
84920 371616
507794 578829
133304 289793
660119 77795
845637 671459
595152 234257
926465 207801
562548 424868
897329 490686
188972 995233
266338 192334
604196 849966
422188 978228
338771 201603
650546 83981
736598 575895
994545 429812
402832 528319
668531 737085
822372 341497
212659 434434
66739 80975
966163 143764
941064 247554
693479 648695
589197 264835
458622 404493
72046 256792
850153 73695
24023 729204
370078 718481
81380 788135
654540 635840
946034 877346
563824 48786
7021 941064
575553 374650
876105 577645
423300 831415
60342 443215
320418 933642
257874 619628
99089 105073
598368 537713
846364 234408
820724 826542
923314 974445
933948 711952
706935 574673
575747 313163
355521 72418
856660 631909
131268 558303
449126 126757
626831 931338
434342 938441
395234 378899
199834 914688
635005 195117
472492 877856
265196 87285
11407 644091
458681 767192
683478 706402
83970 228434
218864 407147
368665 678829
418586 29063
291507 820197
436928 599635
839821 953556
979425 218639
427204 236240
326176 329153
806724 967503
739298 291563
586783 195081
469037 413000
568478 241004
995276 970827
517851 730258
107334 302933
947721 697043
103133 639621
191332 823776
824235 287280
147451 631679
20496 891103
894215 2333
936000 98449
502922 988938
519219 293497
541 758729
620401 65820
431467 958624
216342 180506
26193 23356
951153 715579
240069 316438
761119 978069
848527 762502
920347 442455
415473 569875
175291 571671
618570 84535
941049 225715
220561 571692
895087 4304
430890 587130
752994 948389
851146 209358
830157 56188
494737 314332
778557 55729
760991 677012
670017 367181
96201 361835
477220 53955
963563 624441
836747 44471
839180 960633
481317 229065
575226 383783
623623 601624
732654 683840
443426 997035
403845 660014
17960 601857
709611 702047
919384 781864
199561 926224
252931 505637
366345 613890
232444 437262
501571 319929
844295 318941
346153 988321
326721 884949
334986 747979
931083 309461
965168 350879
487799 168409
316936 691672
418240 812183
735244 351250
504269 249011
541014 826345
937925 597810
541478 227618
347063 573427
329396 438011
256794 562886
78243 428170
167274 504443
550754 50953
785132 382319
99925 358780
43204 205243
778397 355652
269070 979916
862852 112097
181129 186244
445177 827616
847497 613995
20949 484734
104905 973131
410456 755464
396234 244882
290965 355698
503517 608061
514500 423986
735482 895020
943461 145052
266128 619961
301487 131596
930347 41487
636609 180249
490458 943983
502148 374486
180141 22118
895470 62571
692742 157843
741161 556553
45697 500928
659712 892021
373942 826813
670804 538229
620709 471028
372101 266594
545917 884832
998919 581096
483470 480046
571410 793318
564714 516069
471785 389450
362804 817371
438376 484828
464100 825891
688322 507206
130759 87917
978178 530255
693105 22461
111507 705187
655487 207691
885757 261012
131985 66841
655376 50545
474385 809432
229412 496404
851527 892408
961211 541726
734589 161567
647127 856040
633399 798839
171295 127272
25988 517144
74584 983709
211690 843681
69861 63469
94071 516441
835571 694871
994735 114542
129174 29534
494059 991324
847559 936337
914973 332381
748461 19794
843977 938857
79732 864322
61427 99945
4504 968054
8514 995488
504483 787419
326624 322091
145483 235235
536799 296421
976300 66733
885854 561804
484801 478536
920502 747112
382953 400680
625656 242148
850193 927942
796344 412239
487189 933695
271597 394356
339113 826075
840232 84163
195103 690087
36461 630204
411433 393461
170086 254228
767121 535805
558400 41530
259806 448232
487146 342218
550360 475911
248262 373441
21785 258235
573964 578377
6447 768722
361433 335602
817259 358429
709759 477216
989036 326139
469838 634521
268992 61493
846622 308078
355687 212874
795675 181542
173078 620887
932830 95281
976899 299001
701138 964998
954712 227538
827236 48876
738586 914578
363531 495517
530779 205222
290224 394868
578889 979510
893216 303843
779764 131603
5366 852888
287061 235642
951122 893592
707251 354316
16141 415403
986232 165803
467338 253349
856065 196106
415617 862768
505932 382514
142137 105489
852242 693566
787715 277856
784147 285139
269408 896924
115206 329374
981760 860762
97824 630223
161132 362619
646818 993121
15054 296296
813734 745002
140793 585137
998693 306758
4227 316521
67228 542151
703159 282695
684618 650317
158176 412129
50889 741743
694826 18792
693146 254345
711211 73562
219057 693808
387403 914203
459051 311693
481754 910452
957724 755682
698060 495709
185016 64580
220075 507216
613823 301317
483961 612954
710302 296477
560337 264725
991306 172742
816186 375176
285105 998243
823752 683741
195341 543968
996341 580192
112249 922538
246217 424960
693704 680863
999120 629882
840332 672613
317594 318907
345805 934912
151380 963525
993033 368341
251709 352956
912532 12341
976301 23520
889454 892956
136392 534668
796635 925893
133710 380439
58327 158128
206036 71065
878392 633231
55153 95101
165780 19882
115599 838687
496636 710894
856380 616034
738917 565694
645869 751283
409926 837624
95039 789937
977812 288005
733819 200428
680801 344737
16794 464169
232432 387191
677524 101998
648795 203581
988476 446454
161441 107956
675180 707028
896099 645603
797381 563627
540845 17729
734602 414329
3549 706989
769997 163486
782342 429456
640530 241443
376390 127259
627774 641825
603853 309815
842112 27469
466687 150039
546140 701016
593447 678147
862705 196112
214648 147539
109542 582332
261882 935846
269531 384237
151162 336783
802644 405995
162501 179979
474717 214457
207312 607286
613887 905321
225562 221514
255857 697382
822867 533096
605280 642935
686328 959799
721854 99050
302545 172691
215984 590222
852681 722325
877579 64269
718042 123962
441711 218040
689652 419624
952717 769364
95974 369688
129345 274764
221984 499752
926817 554309
375142 765533
469746 591236
905351 880081
540693 161751
410597 326935
661722 169468
294642 994904
115872 885048
553627 926188
800860 892105
778966 230200
56050 669626
313999 286084
395336 533428
338763 757481
924646 598043
59877 669379
137952 960658
443109 913906
148693 234991
800523 378548
889848 892225
633393 407254
480388 443756
775100 276673
942071 878721
150734 601258
471677 647058
989744 960286
520314 225196
235941 44550
416187 509109
13024 38214
919767 620500
458438 590810
882238 751080
280505 423582
977278 289271
363168 277912
501311 838600
84317 399605
790908 529633
643293 920655
859326 963874
667216 607597
484249 603615
890136 283352
898615 281794
523781 218675
651234 803483
423740 840873
135603 411801
974278 745449
309441 203929
31994 387847
713914 784842
878266 125157
338952 529037
565030 991128
232933 425809
951062 269907
152652 99542
676143 577750
134930 169872
173475 820470
234350 409563
912761 611296
357618 368440
117479 385995
240437 13889
194009 766442
125052 983440
384819 1038
335703 257094
316780 126741
882692 369829
921224 786646
416791 385533
555476 872538
886950 324815
222759 359643
819528 100390
515408 939167
316380 653211
709428 472856
139759 688937
680375 764140
280752 37722
744006 703051
634374 600239
566737 936375
768459 464901
315790 674778
198557 796701
135058 827931
757803 253259
984929 366096
67099 738478
659124 490343
972403 786617
457763 251524
450403 745516
893424 613587
172892 902021
557458 718042
972178 579851
196312 416974
650953 493047
652716 243235
929316 862626
223252 644530
719289 346165
950654 560416
285686 406727
699831 688025
557078 192681
938763 674148
97510 684037
190141 813705
734186 546705
437269 12695
705814 343036
393699 705547
84273 887202
128906 342
760976 918
315939 346969
352137 315546
150670 59640
501699 369570
65419 601013
749382 892193
865185 980588
32428 515470
742969 927510
319522 179803
596717 181374
155408 217605
953525 789053
728913 771405
333039 192504
729637 32355
708715 781479
756595 369513
1919 821093
287057 789713
393091 679067
962467 109368
995453 153009
411402 57794
358815 863011
279148 804322
43354 364780
721308 11785
770353 681239
79580 734237
679488 790893
839177 466644
958774 283092
354160 834160
865503 221971
173898 336265
701714 417612
989358 840355
932310 872295
33716 128635
353353 394999
730898 676933
707770 494557
423542 780553
424343 238184
481760 110297
341573 316921
157759 934739
938158 107642
737560 991070
532702 699855
839676 468954
315018 708713
342984 826234
504832 861027
443839 540147
415922 771581
346043 385154
810378 969774
809787 562728
719500 445216
632911 324201
653412 754370
538348 517100
623645 71377
73765 221058
249480 825093
953363 47160
867677 218737
183473 655347
272820 819609
737183 535366
852979 28987
63217 105272
672171 473564
231015 470761
134738 376209
922426 977233
663970 746187
379796 798215
508655 842737
573421 677322
146382 995329
287836 790261
335582 814726
7881 793893
171015 33054
444777 477421
527496 541851
868570 343333
948185 555651
237912 313774
306379 79594
613456 293113
521704 712825
748700 400240
106030 299859
600362 418564
229821 381297
214659 274179
98752 631144
188049 593221
312369 793062
827345 852547
565580 494437
651265 652584
584308 979934
35272 975738
858618 235837
707874 795752
49787 152080
987721 946514
201605 820047
767605 221791
478084 630816
280980 372725
850836 638968
822634 487531
167495 840262
983340 296707
144248 378305
14286 404223
446907 622924
744022 536559
926017 262393
879521 838915
612033 277110
3199 538295
389373 296862
949765 525161
587057 356027
20925 217598
7374 279541
600019 15630
972544 196722
104878 226567
238887 336185
987720 108296
151371 696712
764349 419920
877347 740144
804125 20754
724162 601965
517827 757449
969858 623704
529076 298897
167155 547599
115977 589103
750336 538049
207022 40514
487986 368127
897132 944714
386131 388660
135513 5315
166435 275055
443994 526399
392066 677265
947463 648698
317732 798300
255736 922130
615133 992055
866874 487398
514777 42505
543846 160829
70237 375323
845819 509568
800469 740129
687898 927205
631576 203388
777354 938317
978529 834302
727273 246719
107872 808109
398319 742083
787821 494535
505828 480831
780538 510865
477807 340373
246865 963635
604831 350264
750582 667365
881114 321885
835838 497645
115533 715861
8944 283383
558529 713062
782021 235216
377863 88178
216097 152181
98694 512531
153475 854033
968747 915544
688226 80480
934795 272686
49257 639932
396321 300179
783295 698656
954508 518161
377060 927767
696505 119922
749364 361456
282185 279659
221421 926307
519792 485531
612359 641785
734235 936815
589359 934080
427986 493832
866049 703997
462184 894303
954767 190384
791417 59426
967114 263978
584626 101489
473693 176884
771763 858616
54496 717263
691209 488923
98903 823954
693762 565532
73908 563242
960929 169472
817684 299000
990460 786138
834529 329503
535998 108215
339732 146298
5203 844246
181065 617606
658828 315508
719969 450040
973103 418113
373966 331419
208843 531285
289249 489883
52791 785783
845610 584089
391079 118987
622331 539838
80751 513593
59692 213344
1253 757667
411236 167849
579196 419522
787216 935570
446074 593584
579013 595768
385154 603784
82809 563902
936246 716887
673995 254042
309102 253264
978637 114612
821853 774775
36170 334005
290639 646126
793773 221432
792854 782514
657743 552871
609311 993944
854480 566033
598717 714589
481537 642728
900448 662822
822971 267713
952275 315712
111410 259723
314402 286889
865759 321742
688968 801546
493601 693859
343246 247269
355242 251519
267714 238676
338763 655874
915867 508460
390709 664611
174313 604432
717726 718493
440718 971032
890123 414026
839318 825486
823536 271755
255361 287652
704446 318167
674138 664682
35017 269996
29915 87015
556440 804461
116301 431382
264810 885990
267622 388399
238308 9479
526966 446272
542897 946059
2574 966070
898022 947044
127700 422367
836564 835607
250040 320644
89258 429919
843399 224927
698635 707605
28220 868512
253625 374492
772190 94503
393674 561888
853121 576692
263657 687775
530558 123779
733676 719175
406836 160892
896716 490359
65195 344243
974571 697098
26277 501738
207432 734807
367798 677007
452812 761601
446078 158810
891079 813892
389763 870101
312344 903388
991264 915117
114308 738986
503734 107857
983492 399557
11355 530692
433670 593802
554618 834280
993394 936290
424778 47643
959530 458254
732333 28672
33360 41526
665417 62207
669720 600254
673579 49743
355294 441255
512021 178093
344664 705034
498102 36671
233166 840538
45886 12425
853949 237255
627071 816251
697796 794106
177227 791224
689151 62647
522451 834713
526589 735640
796842 722970
574439 936257
947301 573540
113164 735917
849746 371559
699747 365503
594996 233668
115070 587450
782199 21221
698745 153014
858905 540300
938591 870736
765865 278979
193560 809505
166191 58849
783894 410668
555466 379286
769162 286566
59679 186498
597547 813946
169834 990445
159815 513066
957958 664695
589033 574074
586561 562706
407779 843264
677510 47066
827871 507392
253064 314528
151142 470524
379238 552572
540608 691029
957940 920956
511612 88998
836135 457270
501738 765563
501008 105457
984643 560458
878692 131406
365572 685262
209845 972908
462018 530669
409060 12418
792896 360966
662505 166545
65146 545114
54976 700276
459456 296089
569426 610743
519380 600857
713899 169905
868116 392190
174293 34631
717561 837505
200611 460255
190498 263243
90512 835500
399233 438437
654515 693379
371423 496064
736240 752503
465155 180266
833890 141421
484217 340828
442351 663699
746507 97785
43772 470081
638167 252653
831853 473823
868265 431503
387002 95266
589944 989670
87658 653677
769958 699825
464912 566716
85048 516840
736990 372951
756626 146941
189076 279150
276465 505827
21301 504441
309433 454876
758406 992467
72254 706198
401386 485326
9012 203988
908800 628396
891675 158962
997695 600938
117019 839034
480571 769771
871656 164700
32214 533137
332568 425093
971323 515358
633868 592978
773808 785715
936279 873021
279192 536566
609782 362853
753663 313413
588441 709841
640683 515636
830847 386020
889769 866109
591784 839496
247057 644143
959148 998937
544092 332074
432357 591440
221279 88580
372047 592621
236168 533805
779901 391219
685218 102874
742092 222630
17214 462168
899834 360871
453393 287184
781561 185553
577315 364385
417653 254404
745170 331718
442975 393595
576464 952386
619945 558672
188709 483973
153694 291417
623050 540273
226852 729270
463857 49484
269037 845255
74969 615415
158679 72726
47273 463672
664190 462637
166215 882224
399180 372021
893403 720207
21055 78654
975542 87326
206390 412693
206293 935465
678077 870234
915486 878505
343012 738400
756 857403
162211 377492
24099 412407
319120 871550
956746 137409
409761 838861
124303 424420
69396 155718
63595 756551
380968 266047
197361 259998
747132 507600
197908 378325
423761 877654
317841 406368
885814 556713
576249 555573
500445 142968
414734 309705
162470 244832
159722 943522
609687 13734
685335 220184
226262 353341
430177 3663
951190 657466
176834 769607
66315 659665
628906 212176
8287 639376
969100 620545
69427 619689
996719 35689
762471 421889
496302 375936
807162 807516
636447 605426
817333 245771
708568 996487
512763 237700
451899 651619
376998 527628
731468 804985
680403 87113
452861 778306
674314 747309
17626 204053
591122 37401
206245 213158
625708 769244
421428 286031
71755 267508
347937 750246
897328 640049
967149 455691
82443 441635
695448 796836
952596 863282
103698 522168
625894 678792
571411 202159
387673 593970
242533 86919
43244 492113
748872 130009
421819 280340
214450 456263
425595 931142
753029 560727
23387 774125
571665 536479
328494 247874
394485 262286
275454 460743
731191 466215
396403 882239
587154 926592
962158 108866
843704 939811
993531 844362
979368 123090
270590 370838
581853 910300
86090 546901
814402 577145
913323 319859
302365 587869
361902 186155
309811 644929
769182 56905
525500 745031
448332 405246
918722 681402
45902 84196
776381 825937
18262 859356
693107 149887
300995 418159
924165 108448
542808 77312
66990 892196
898549 418521
108942 711743
89394 137733
444239 88891
148179 203732
522948 240763
853024 639350
760201 923843
67487 988346
190400 607454
131061 918208
658167 817006
337270 736778
557790 875910
783399 553609
506369 48910
34670 561361
260477 309025
155011 829017
985127 630619
22872 801124
864530 590087
518465 512246
153709 917347
554916 330953
313833 442675
444338 514831
396707 232910
520804 812598
509754 182047
301846 541134
834384 822605
847017 671089
48164 761340
985034 499664
933499 36255
649929 707286
874056 84683
561886 837617
366421 28736
20291 219831
959045 588251
437317 563072
244294 135278
503865 978014
406731 1119
4005 784850
437522 585945
143195 910957
297950 312555
523663 459890
11240 39398
833509 919783
318697 422923
834632 905526
255623 414624
794046 46151
954748 257408
991238 540396
103117 287228
205761 292814
824804 264664
159798 148148
148190 983687
6297 233562
566438 281705
797626 874855
315693 739438
338182 815282
395672 944233
602353 411125
914666 190185
194364 581918
972955 555629
85486 299917
528776 909445
214954 136115
683256 361468
350026 378165
840810 776270
881048 173741
142934 570128
129492 716345
949929 490325
528745 388660
303765 51688
829351 239360
992516 509155
575680 651585
959755 117517
180949 318906
693925 440250
634943 852762
372441 166047
44287 297909
14476 647684
190123 83513
250793 401562
68998 314255
101466 356635
273963 950219
652550 457771
269852 43334
525372 717108
998191 501780
766167 560873
606068 473771
773810 772713
330094 381103
940857 400946
467096 53045
763451 415073
716487 538931
861816 130659
22232 804402
572255 633757
218441 349042
858858 726451
680736 777752
545689 774498
320462 740123
348073 901548
230051 753338
71518 519039
78338 751167
224235 899015
65076 271830
741646 497466
865410 447281
480704 186020
814963 196043
327350 87387
521631 406726
525223 462563
165732 481384
696064 794836
551681 807035
651276 910818
127707 971167
489912 487499
230632 801846
663458 312787
104980 155032
911355 182662
332878 188581
865817 855864
519327 515682
552190 216370
557161 502147
207996 101822
518136 146372
11768 276560
203724 749945
514539 594996
935156 950706
57069 271485
256749 747937
690672 735526
359128 416283
999065 677020
421441 290597
72511 44378
234564 525087
233397 256034
962372 216966
697230 590502
856013 226526
749992 491901
123285 45241
128335 939116
55272 469484
984845 819298
970045 138411
466567 529844
731585 995040
615581 957362
82704 974758
305100 677604
343787 728267
305529 229512
691308 77195
284895 421022
583923 429638
491543 91489
286046 233919
156707 803510
735693 825125
447558 684584
36261 996835
812026 145103
974448 106312
156063 642142
342286 454267
378491 948881
581181 390799
407946 440611
555710 689520
460177 185096
488026 506029
455018 129827
905806 498352
540147 504092
305630 83926
851302 927584
497040 623347
957051 321065
89381 356562
401045 734103
993712 678105
631846 406266
467778 224308
683205 392146
8822 631279
60967 597799
256788 420195
350760 639242
918824 989201
770216 543496
368817 969431
300700 43510
746253 107305
51742 390165
403712 715424
421142 840564
769548 405653
680519 493660
963107 292512
239466 265107
300274 487463
578435 856413
623121 555801
841977 208699
68946 52230
552268 831109
915265 128161
62839 368441
438534 928433
149972 562950
658050 298098
611863 694315
225620 105956
518138 381071
83624 991326
711766 266180
138925 586387
156712 617901
31200 886495
969569 927485
362895 298323
970571 666366
636261 413261
895268 87769
215625 927960
359280 585485
640331 653416
228849 414290
517406 700633
554744 379087
338681 721365
639304 786213
257027 347216
20728 259193
347380 570022
193289 146679
314051 375581
461167 114236
369110 239890
8563 999779
439043 475082
60388 264286
223069 508996
416920 365153
46239 320873
746588 769526
313247 101902
737311 739092
41842 402010
838069 289348
292955 639934
984053 545776
133109 866985
801442 43819
861419 427657
723090 875461
883519 433812
919108 800075
949719 541092
296036 378541
347178 28650
949089 703615
989955 675122
267738 928974
755414 467406
784067 607024
147464 92312
812814 124365
443975 953947
261679 978772
104991 136428
201487 563664
412778 530082
48449 938823
801465 58635
610442 544493
938037 421326
266465 708804
12333 717321
165653 491764
479403 648425
361572 246848
116297 685508
859801 439253
908799 971447
869377 772323
392969 856401
287257 293680
210000 851520
687405 106851
32166 518424
540259 502776
308627 935531
329878 648319
576453 364092
998225 98690
498447 342278
551865 311574
613520 8498
384188 677680
115009 982179
542625 219425
419170 284275
343871 138548
64735 83228
626877 509203
477276 313484
792803 119043
511546 707510
26332 612620
443733 865811
507820 29849
706428 101091
606343 952180
406190 8500
146879 79778
882769 335329
79483 236730
216963 755497
997422 178892
677603 822977
778433 354601
482685 9736
216610 406695
242685 64002
926828 67044
249220 300918
721444 776309
628689 363228
862639 488702
292754 13625
594056 461012
603925 464792
723480 752184
416675 67884
615286 399429
742727 59356
87149 91544
470280 985867
91606 262680
130961 981061
939489 287330
914779 893806
570839 987766
797705 735725
538547 817910
480397 91859
230365 416586
996303 666956
648484 193094
844379 944916
740485 181581
445657 421370
926035 626097
740575 204087
818582 874670
899980 784530
112566 822081
344963 614180
616453 904538
529664 446642
694647 7870
82640 131505
343780 209837
626278 789280
955689 587117
944484 552281
866729 68021
460294 763207
653477 467880
787394 997772
517719 593310
895648 295327
273093 631771
702084 44640
437515 708800
261172 424362
577148 843416
480363 487845
245925 126274
776222 958810
587921 226968
110935 384853
581073 789929
209945 238288
507382 98383
139730 90794
131953 581377
286180 147647
429577 607210
107782 262218
598121 610278
6401 815407
175590 859368
94927 257566
356870 840879
882394 507294
561255 367698
536811 581376
455692 719928
414079 142336
324665 315353
689102 509075
959706 579147
301130 676007
555612 375242
750931 841068
689596 516075
933860 754111
210359 988720
287308 669421
909197 773116
410784 898480
660949 583750
735994 562355
686471 385170
780549 61670
576448 105559
514072 595685
797993 905044
492329 775661
169912 98036
474642 52525
297091 815884
364920 806709
413904 162961
510227 237891
760417 882575
392980 7029
972454 382013
310524 535525
954578 879939
123030 930028
890941 959741
902064 211747
780500 936210
223283 37635
457017 170308
400524 948054
772765 128810
516859 259471
513398 446160
750772 386865
608328 105198
943994 41714
711172 538019
22664 440815
832283 684924
668801 919137
779843 440220
518198 723436
284401 119195
366463 657600
667736 426163
986538 914192
216008 703105
870856 898921
716745 428942
132320 455206
996841 461311
242296 7947
306939 722242
938073 457482
114544 376202
447601 410031
89605 303977
934187 788481
117879 307943
582015 841494
220016 305500
851123 486563
637731 900274
942109 679231
433293 682573
938727 304115
344906 424394
388625 227780
399667 134916
506310 714191
714304 120093
621362 130404
576724 537268
888688 964162
463677 188363
572106 720028
562875 595129
599890 492279
934636 418681
910806 732078
380517 493297
253177 532809
324114 519861
627306 299523
411257 948724
988808 804917
669977 498881
845233 675756
288484 993585
717637 55537
238137 485118
942610 14788
416853 838246
435021 762198
104898 331830
829167 692338
458642 346619
118376 689400
36168 26758
245063 528011
510262 307004
973175 42326
161259 501606
934459 594260
661192 281905
420618 607981
148289 40407
553454 497316
293560 703836
336206 609703
909475 828840
794437 347432
704568 770703
217699 381937
678993 304164
183566 498561
23412 353255
511308 538602
882051 384987
538556 478600
537136 593577
837952 15286
528141 260684
567632 774769
453373 216887
818717 477555
988781 597996
904596 96589
670872 979310
307580 418308
985716 585941
455234 181929
950431 43040
943775 943816
866319 366030
846081 666388
172401 249065
917447 291119
651506 893747
371087 414270
690976 980912
119395 469283
871328 933697
546746 453308
806357 469052
429986 497889
514264 435136
715208 887017
985601 177904
271529 902571
308447 371213
821750 54374
596796 34980
738272 298646
220455 472067
668125 903425
267836 421026
688807 261310
815193 543814
864177 15347
467891 171450
622375 900314
879044 868651
409508 353988
934916 866818
748419 800810
921377 382087
